You are given 30 conformers of the same molecule in XYZ format (same connectivity, different coordinates).

Each structure has a fixed numeric label: 1, 2, 3, 4, 5, 6, 7, 8, 9, 10, 11, 12, 13, 14, 15, 16, 17, 18, 19, 20, 21, 22, 23, 24, 25, 26, 27, 28, 29, 30 in the headers [Conformer 1] ... [Conformer 30]. Labels are arbitrary identifiers—do not assume that smaller or larger numbers, or numeric order, says anything about stability. The order of blocks below is random and MUST NOT be used as a hint for relative stability.

There are no thermodynamic quantities in the files. Your task is to rank the 30 structures by estimated relative stability (most stable first, least stable last) using reasonable chemical and steric arguments based on the coordinates (e.g. ring strain, eclipsing interactions, close nonbonded contacts, hydrogen-bond donor/acceptor proximity, dipole alignment). If differences are subtle, still output a full ranking and say what is uncertain.

Task: Rank from most stable to least stable. Keep the explanation tied to geometry.

Output: a single JSON object only—no markdown fences, no text before or after.

Because generation is sequential, put "reasoning" FIRST (step-by-step analysis of geometry, strain, contacts, uncertainty), then "ranking" LAST so the permutation follows your analysis rather than rationalizing a ranking already written.

Schema (use exactly 30 entries in "ranking", each label from 1 to 30 exactly once). Use JSON **strings** for labels, e.g. "3" not bare numbers:
{
  "reasoning": "Analyze hydrogen bonds, steric clashes, ring strain, etc. step-by-step BEFORE committing to the final order.",
  "ranking": ["1", "30", "..."]
}

Rules: "ranking" must be a permutation of {1, 2, 3, 4, 5, 6, 7, 8, 9, 10, 11, 12, 13, 14, 15, 16, 17, 18, 19, 20, 21, 22, 23, 24, 25, 26, 27, 28, 29, 30} (only these numeric string tokens, not the words "Conformer ...").

[Conformer 24]
44

C   -3.48298924  -2.87658394   1.57670098
C   -2.34087010  -1.90087885   1.48138362
O   -2.11278445  -1.02357436   2.26937031
O   -1.59377077  -2.14363247   0.39545468
C   -0.46862658  -1.28916832   0.17479988
C    0.60378116  -2.14370635  -0.43809428
C    1.91568108  -2.10913094  -0.22862896
C    2.81451349  -3.10311358  -0.90523587
C    2.62211879  -1.14711250   0.68509074
C    3.60886359  -0.21603828  -0.05452923
C    3.41477501   1.25983710   0.27265444
O    2.34709105   1.64448619   1.09484877
C    2.29179555   2.06431825  -0.24640645
C    2.46203450   3.54930976  -0.47686553
C    1.22670478   1.40615600  -1.11572266
C   -0.07877560   1.18247038  -0.34917969
O   -0.97589317   2.26984983  -0.55567124
C   -2.24066733   1.84475623  -0.69621855
O   -3.17860060   2.58517468  -0.78633196
C   -2.25784072   0.35542750  -0.78656655
C   -3.37883535  -0.32221098  -0.98630216
C   -0.82885085  -0.10271094  -0.76036001
H   -3.38117546  -3.65551888   0.82804402
H   -4.41643912  -2.33770265   1.42876032
H   -3.50065888  -3.30882262   2.57381635
H   -0.17258735  -0.89367981   1.15354257
H    0.19709518  -2.88110050  -1.11806345
H    3.59985890  -2.60252617  -1.46851945
H    3.29886707  -3.72586680  -0.15402054
H    2.25670086  -3.74620500  -1.58007528
H    3.17513615  -1.72749525   1.42681256
H    1.90564205  -0.53031798   1.22406430
H    4.63375084  -0.48074000   0.20547288
H    3.51131667  -0.34118172  -1.13610681
H    4.34005897   1.79290906   0.48451430
H    2.86021608   3.73027767  -1.47305516
H    1.49663693   4.04183301  -0.38465873
H    3.14004975   3.97057455   0.26093638
H    1.02534997   2.04413066  -1.97638969
H    1.58106473   0.44026642  -1.47579430
H    0.14263901   1.16168023   0.72653590
H   -3.40331568  -1.38812606  -1.12956951
H   -4.31512144   0.21093631  -1.00676216
H   -0.55030833  -0.38528815  -1.78364230

[Conformer 20]
44

C   -3.14526492  -3.62199687   0.52212138
C   -2.12503801  -2.65947854  -0.02875592
O   -1.91926516  -2.48284668  -1.20048908
O   -1.50281391  -2.02564310   0.96913495
C   -0.50081049  -1.02236028   0.70265796
C    0.66769309  -1.63457533  -0.01559154
C    1.94173274  -1.65932528   0.35694552
C    2.97406891  -2.30077646  -0.51985840
C    2.47859157  -1.06526747   1.63186534
C    2.39470788   0.46497938   1.67848935
C    3.00405460   1.13379347   0.46573586
O    2.61005122   2.44940463   0.15731545
C    2.39622901   1.48104815  -0.83534560
C    3.34380450   1.55475978  -2.02354474
C    0.97615067   1.19514106  -1.31348245
C   -0.15789203   1.35417463  -0.30476715
O   -1.04765111   2.39453189  -0.72811749
C   -2.29003116   2.16481104  -0.26554813
O   -3.19096443   2.94687407  -0.36569171
C   -2.32807978   0.80501013   0.35764487
C   -3.29283974   0.41349407   1.17402255
C   -1.07898247   0.12917139  -0.13300836
H   -3.14811165  -4.52869801  -0.07591195
H   -4.12885310  -3.16179623   0.44440436
H   -2.93361094  -3.84698256   1.56244836
H   -0.23755561  -0.67683156   1.70583329
H    0.38586255  -2.10940972  -0.94553964
H    3.45906129  -3.11927731   0.01089440
H    2.53430122  -2.69210783  -1.43279305
H    3.74129617  -1.57298342  -0.78022151
H    3.52238996  -1.36305372   1.74254957
H    1.92770084  -1.46319446   2.48722770
H    1.36461960   0.78102332   1.81012504
H    2.94995844   0.81877001   2.55212842
H    4.08811756   0.99564033   0.43504129
H    4.35040102   1.80105744  -1.69615694
H    3.36032253   0.60017878  -2.54454798
H    3.01492985   2.32635509  -2.71550854
H    0.76920940   1.90395253  -2.11982002
H    0.96319038   0.19128136  -1.73938987
H    0.23896659   1.68418202   0.66160635
H   -3.30655499  -0.55355815   1.64521040
H   -4.10494587   1.08746348   1.39105725
H   -1.29606865  -0.26879328  -1.13433428

[Conformer 27]
44

C   -2.81532291  -3.85575765   1.05812995
C   -1.70860191  -2.84659540   1.21207980
O   -0.93901002  -2.79769336   2.13519319
O   -1.69839848  -1.98815124   0.18788894
C   -0.67639856  -0.97413676   0.21666816
C    0.59410222  -1.57596979  -0.31266421
C    1.78172828  -1.63042165   0.27749480
C    2.94833312  -2.26944075  -0.41132759
C    2.07224266  -1.08214825   1.64721789
C    1.98037273   0.44611863   1.73594744
C    2.78740088   1.15868928   0.67283187
O    2.44699318   2.48558892   0.34586097
C    2.41781178   1.55413975  -0.70208334
C    3.56214007   1.66855034  -1.69905127
C    1.10767959   1.29024486  -1.43911692
C   -0.19248721   1.40662629  -0.64760731
O   -0.99403945   2.46942432  -1.17412270
C   -2.29941919   2.22157992  -0.96277059
O   -3.16915909   3.01345815  -1.18683772
C   -2.45216683   0.82497890  -0.44924659
C   -3.57824160   0.36975676   0.07487481
C   -1.11967200   0.17321669  -0.69448657
H   -3.51958191  -3.73710975   1.87880377
H   -2.39534687  -4.85649897   1.12146961
H   -3.32267701  -3.71968407   0.10850725
H   -0.57304106  -0.64284980   1.25393434
H    0.46209108  -2.03327305  -1.28596215
H    3.30950238  -3.11233141   0.17644641
H    2.68326114  -2.62636899  -1.40289792
H    3.76297838  -1.55195688  -0.49927355
H    3.07640804  -1.39099116   1.94104739
H    1.36612889  -1.51409637   2.36018720
H    0.94406622   0.76763832   1.70448035
H    2.37861366   0.76178822   2.70446292
H    3.86108634   1.02098760   0.82621447
H    3.68376231   0.72925156  -2.23394854
H    3.35481978   2.45783239  -2.41773950
H    4.49037763   1.91150274  -1.18892030
H    1.04541894   2.03262793  -2.23950458
H    1.18155947   0.30469295  -1.90045775
H    0.02317114   1.68648632   0.38916367
H   -3.68793606  -0.63772132   0.43392628
H   -4.42951211   1.02621217   0.14792834
H   -1.13279031  -0.21006410  -1.72476463

[Conformer 15]
44

C   -3.35235688  -3.49472059   0.98227452
C   -2.34762985  -2.61693442   0.27847631
O   -2.22182598  -2.54867158  -0.91530761
O   -1.62092577  -1.93674132   1.17130445
C   -0.55118655  -1.08019655   0.73702355
C    0.51328403  -1.94229341   0.11014045
C    1.83578819  -1.90613622   0.23984894
C    2.66714932  -2.95728760  -0.44331405
C    2.61621095  -0.89833044   1.03682067
C    3.69691749  -0.16146152   0.21441155
C    3.47795129   1.33849075   0.07503567
O    2.47057819   1.96319026   0.82151566
C    2.31228698   1.95674427  -0.57993355
C    2.45113058   3.30240306  -1.25674623
C    1.17521894   1.09781339  -1.12368326
C   -0.05626252   1.22910818  -0.23243365
O   -0.83083004   2.35571910  -0.64317392
C   -2.13214740   2.14583367  -0.39129225
O   -2.97808953   2.98028094  -0.54404990
C   -2.32082710   0.74139026   0.08839113
C   -3.46215458   0.37386845   0.64965558
C   -1.02807485   0.03183995  -0.21922189
H   -3.03250656  -4.53060814   0.88791229
H   -4.32033876  -3.39745633   0.49747224
H   -3.41806527  -3.23263480   2.03344868
H   -0.20785229  -0.63048432   1.67483850
H    0.09101365  -2.71743359  -0.51538195
H    3.47276314  -3.28302211   0.21101144
H    2.06076752  -3.81765604  -0.71211353
H    3.11768600  -2.57190932  -1.35753253
H    3.10655167  -1.43386176   1.85381292
H    1.95595742  -0.15747060   1.48477016
H    4.66824774  -0.29936244   0.69091936
H    3.77236703  -0.57756720  -0.79140957
H    4.40840533   1.90466714   0.03811729
H    2.77394893   3.17044524  -2.28726577
H    1.48939981   3.81035915  -1.24726221
H    3.17672532   3.91775502  -0.73094076
H    0.92241523   1.43569881  -2.12852749
H    1.46667804   0.05052724  -1.17101353
H    0.27774533   1.42883114   0.79692150
H   -3.66361267  -0.60811804   1.03416676
H   -4.24777619   1.10753314   0.73636087
H   -1.11176386  -0.39213226  -1.22838006

[Conformer 22]
44

C    1.14126395  -2.40844299  -2.94495775
C   -0.06055417  -1.93825458  -2.17032298
O   -1.18331323  -1.88720411  -2.59804977
O    0.28028549  -1.57408397  -0.92756489
C   -0.78166498  -1.17522968  -0.05896016
C   -0.48065209  -1.47159020   1.38005468
C    0.68653233  -1.61594102   2.00115497
C    0.72312251  -1.83853976   3.48445403
C    2.04707990  -1.57471704   1.35669158
C    2.62953001  -0.15008031   1.22671991
C    2.63967782   0.35189745  -0.20162526
O    3.11594346   1.65297243  -0.43034704
C    1.78763838   1.38527484  -0.81876612
C    1.59451662   1.34671936  -2.32447385
C    0.70992020   2.15190063  -0.06240517
C   -0.35464807   1.29793612   0.62778436
O   -1.31300685   2.17714540   1.22146015
C   -2.57666283   1.81065256   0.95924273
O   -3.53215791   2.37751616   1.40928968
C   -2.56811121   0.63759681   0.04388096
C   -3.66926488   0.05787499  -0.41061717
C   -1.13526703   0.32270853  -0.27490164
H    1.66905774  -1.54459132  -3.34312610
H    0.81532173  -3.03135801  -3.77246271
H    1.81539047  -2.95772274  -2.29474137
H   -1.66744957  -1.75425146  -0.35767026
H   -1.38804773  -1.50309420   1.97067899
H    1.38914209  -1.11407601   3.95109299
H   -0.26367625  -1.74739577   3.92958319
H    1.11249800  -2.83222600   3.70403340
H    2.00586962  -2.02930419   0.36983406
H    2.72236105  -2.17118592   1.97223726
H    2.11420289   0.55297353   1.87989762
H    3.67601360  -0.16483228   1.54335536
H    3.05758645  -0.38497045  -0.89046484
H    1.48347631   2.36004187  -2.70542802
H    2.46777251   0.90391988  -2.79808277
H    0.71314043   0.77240003  -2.59812412
H    1.19095802   2.76553360   0.70194502
H    0.21014582   2.83099513  -0.75692849
H    0.09711423   0.74201199   1.45498893
H   -3.64371641  -0.76626042  -1.10371435
H   -4.63267093   0.42034061  -0.09459229
H   -0.95567204   0.54638831  -1.33010234

[Conformer 7]
44

C   -1.92986837  -4.07285351  -0.57820978
C   -1.73748102  -3.00422045   0.46560231
O   -2.03981949  -3.10238237   1.62335127
O   -1.17973094  -1.91050669  -0.06929076
C   -0.92455256  -0.81334481   0.82668308
C    0.23748601  -1.11578060   1.73502921
C    1.45269543  -1.51741064   1.37478652
C    2.45966297  -1.88657198   2.42462879
C    1.92913683  -1.70273344  -0.04137431
C    3.01431143  -0.68059135  -0.44231716
C    2.56961416   0.43478882  -1.36911336
O    3.23519274   1.66159316  -1.19477813
C    1.84589732   1.66139964  -0.97858760
C    1.06032236   2.41785525  -2.03504825
C    1.39272209   1.87935728   0.45564407
C   -0.09831207   1.62102834   0.70164344
O   -0.85437628   2.77116118   0.32829009
C   -1.94232018   2.45896832  -0.39358117
O   -2.73620850   3.27234618  -0.77264629
C   -1.96776051   0.98891747  -0.63241561
C   -2.96575011   0.37496990  -1.25021185
C   -0.70268330   0.42113874  -0.05875469
H   -2.95091663  -4.44238203  -0.53028289
H   -1.26254549  -4.90241710  -0.35468998
H   -1.71109772  -3.68331163  -1.56715208
H   -1.82209086  -0.67612587   1.44339693
H    0.00624100  -1.04594229   2.78817526
H    2.13734886  -1.56542383   3.41093819
H    2.58192530  -2.96958827   2.44149916
H    3.43434312  -1.45275679   2.21288111
H    1.09826893  -1.66473627  -0.74293720
H    2.36228505  -2.70403022  -0.10637211
H    3.45053112  -0.22077520   0.44476386
H    3.82572708  -1.19955723  -0.95718611
H    2.46817647   0.13060440  -2.41166995
H    0.10785576   1.94161531  -2.25684598
H    0.86739515   3.43210705  -1.69414387
H    1.64580251   2.46812035  -2.95033364
H    1.96958975   1.24094789   1.12316640
H    1.59264540   2.91904468   0.72572099
H   -0.24504860   1.49223556   1.78286515
H   -2.97063222  -0.68753490  -1.42051052
H   -3.80975018   0.94695251  -1.59753456
H   -0.03735137   0.11685200  -0.86903764

[Conformer 6]
44

C   -2.54274944  -3.99102940   0.15854415
C   -1.61257579  -2.81971904  -0.03955878
O   -0.81457630  -2.73253282  -0.93618983
O   -1.81406289  -1.91136085   0.91194936
C   -0.99700469  -0.72404292   1.02333181
C    0.35230329  -1.07357075   1.60824801
C    1.53629021  -1.36643750   1.07425854
C    2.68225041  -1.68694095   1.99077299
C    1.87160541  -1.47300213  -0.38370925
C    3.14366986  -0.72854336  -0.81514091
C    3.28961450   0.72278159  -0.39195263
O    2.56154961   1.23239234   0.69313900
C    2.30932033   1.80826734  -0.56755746
C    2.81382824   3.22694064  -0.73800143
C    0.93224837   1.56770690  -1.18021603
C   -0.14875197   1.38735204  -0.09976208
O   -1.01614687   2.52087555  -0.11124747
C   -2.29698767   2.19148668  -0.32751555
O   -3.18205230   2.99849135  -0.39163757
C   -2.40740263   0.71427272  -0.47296359
C   -3.54831767   0.10556752  -0.76147675
C   -1.03959400   0.13568127  -0.25711558
H   -3.42269295  -3.68592587   0.71588854
H   -2.01391467  -4.75431394   0.72624582
H   -2.81711615  -4.40836355  -0.80595240
H   -1.53727830  -0.16188499   1.79769151
H    0.29305262  -1.12123937   2.68928994
H    2.33957299  -1.87211227   3.00497214
H    3.22409594  -2.56165555   1.63592452
H    3.36923015  -0.84304778   2.01523002
H    1.03064521  -1.17949743  -0.99607979
H    2.04097865  -2.53457058  -0.59363543
H    4.01223290  -1.25844067  -0.41809874
H    3.21510157  -0.76634554  -1.90600357
H    4.33584741   1.03710111  -0.39317606
H    2.07359441   3.92577931  -0.35481749
H    3.74084686   3.36897446  -0.18812681
H    2.98860991   3.43676625  -1.79110649
H    0.66568972   2.44263200  -1.77485119
H    0.96191644   0.71194820  -1.85253352
H    0.34490005   1.37759996   0.87963155
H   -3.62440270  -0.96061047  -0.88720096
H   -4.44649661   0.68893838  -0.87720568
H   -0.75903679  -0.46993030  -1.11858676

[Conformer 25]
44

C   -2.79847937  -2.06594818   2.59284672
C   -1.43427545  -1.80351215   2.01033351
O   -0.38810685  -2.08191887   2.53187911
O   -1.54084154  -1.20105643   0.82153808
C   -0.30928642  -0.87468192   0.16048382
C    0.31412746  -2.10300091  -0.43663877
C    1.60665835  -2.40561352  -0.37112050
C    2.15425023  -3.64650775  -1.00420627
C    2.61474044  -1.52266479   0.31683584
C    2.87970323  -0.21822942  -0.46992395
C    2.90800080   0.99202965   0.43693378
O    1.82056795   1.20591984   1.30413918
C    2.02942243   2.17123088   0.30459857
C    2.54325138   3.51110230   0.79203307
C    0.96441068   2.28179726  -0.78600338
C   -0.37683100   1.64036795  -0.40029064
O   -1.43369038   2.43257251  -0.94138641
C   -2.41541352   1.67762525  -1.46257321
O   -3.43023735   2.13767986  -1.90491063
C   -2.01656460   0.24478445  -1.41217792
C   -2.81761823  -0.73797409  -1.79327699
C   -0.60263781   0.19920759  -0.90930518
H   -3.28139569  -1.11613104   2.81047521
H   -2.70058831  -2.64593446   3.50498635
H   -3.40990450  -2.59800317   1.86909125
H    0.36649869  -0.45136743   0.91162597
H   -0.37634595  -2.76545332  -0.94015946
H    2.59955802  -4.28380851  -0.24130316
H    1.37838439  -4.20835364  -1.51707684
H    2.93505008  -3.38861454  -1.71916184
H    3.54772500  -2.06975947   0.44928069
H    2.23964583  -1.26727056   1.30966853
H    3.83863196  -0.27375413  -0.98729167
H    2.10478419  -0.09872386  -1.22458595
H    3.87140277   1.15712821   0.91836226
H    3.04198383   4.03426984  -0.02080528
H    1.71507987   4.11902874   1.14940701
H    3.24525173   3.37213701   1.61027179
H    0.76282858   3.34090164  -0.95391109
H    1.32854812   1.86723933  -1.72849077
H   -0.47914607   1.67130446   0.69266924
H   -2.52338241  -1.77191495  -1.76324419
H   -3.81127390  -0.50827323  -2.13954092
H    0.05224896   0.00665505  -1.76758475

[Conformer 1]
44

C   -3.08431286  -1.91215949   2.27780199
C   -1.91450335  -1.11376459   1.76779624
O   -1.55781886  -0.05239489   2.20510689
O   -1.30613874  -1.75503238   0.76713033
C   -0.14936149  -1.14956216   0.17406602
C    0.56247194  -2.24407848  -0.56528691
C    1.87655567  -2.43615686  -0.61173506
C    2.47450158  -3.54927294  -1.41581682
C    2.86223023  -1.54287618   0.09218791
C    3.03676422  -0.19222693  -0.63796080
C    3.05778174   0.95819991   0.34404896
O    2.02889518   1.01510539   1.30116435
C    2.08170871   2.06479032   0.36885927
C    2.52136350   3.40364682   0.92570245
C    0.93768429   2.16270787  -0.63755002
C   -0.33244345   1.42342324  -0.19364606
O   -1.46268568   2.19873775  -0.60059725
C   -2.44270939   1.44139616  -1.10635418
O   -3.50996128   1.87537963  -1.44144754
C   -1.97673512   0.03040066  -1.20440716
C   -2.75757391  -0.95840859  -1.61253194
C   -0.53528916   0.00952903  -0.78858757
H   -2.71598480  -2.66847536   2.96837366
H   -3.58440791  -2.40935777   1.45231126
H   -3.77002339  -1.25585501   2.80458451
H    0.47163763  -0.73141448   0.97438727
H   -0.09973428  -2.91120764  -1.09836514
H    3.03441123  -4.22004764  -0.76524706
H    1.71002628  -4.12296721  -1.93215422
H    3.16964257  -3.14552960  -2.15120863
H    3.82457882  -2.04810715   0.17223853
H    2.50769902  -1.33920325   1.10379009
H    3.96730372  -0.17886284  -1.20641855
H    2.21574776  -0.06554238  -1.34142175
H    4.04236292   1.16545498   0.76227108
H    2.91153413   4.02885964   0.12564610
H    1.67459013   3.90540551   1.38834551
H    3.29253189   3.26581151   1.67943234
H    0.66265025   3.21421346  -0.73203418
H    1.25658573   1.82124215  -1.62508732
H   -0.35572755   1.37616861   0.90253912
H   -2.41722754  -1.97637320  -1.68863089
H   -3.78136068  -0.74927209  -1.87465061
H    0.07503995  -0.09747362  -1.69371087

[Conformer 18]
44

C   -3.08880120  -1.68637759   2.49814357
C   -2.10748641  -1.92461397   1.37636606
O   -2.19517621  -2.82616743   0.58580869
O   -1.15989571  -0.98846582   1.41412342
C   -0.09467913  -0.84273872   0.46008694
C    0.44887074  -2.10199369  -0.14585326
C    1.74661591  -2.36844869  -0.26855203
C    2.21551399  -3.62081041  -0.94345610
C    2.84050235  -1.44978356   0.21544389
C    2.99717967  -0.19668155  -0.67772090
C    3.15322584   1.06049246   0.14981251
O    2.21678476   1.30627073   1.17213493
C    2.25016734   2.22796300   0.11072404
C    2.82230185   3.58911037   0.45264704
C    1.02316067   2.29125072  -0.79842464
C   -0.22624441   1.63612033  -0.18963380
O   -1.37399649   2.40273074  -0.54805748
C   -2.39597351   1.62830363  -0.94769120
O   -3.48197943   2.06286030  -1.21183973
C   -1.94468096   0.21306908  -1.03125497
C   -2.72965707  -0.75629207  -1.47849714
C   -0.49593095   0.18120646  -0.63884110
H   -2.57673481  -1.29619759   3.37214678
H   -3.60634661  -2.61133296   2.73294818
H   -3.81659405  -0.94904353   2.16367019
H    0.68934251  -0.36842519   1.06085973
H   -0.27936674  -2.80286926  -0.52062775
H    2.81121499  -4.21701004  -0.25313351
H    1.37854149  -4.22113162  -1.28807961
H    2.84703360  -3.37190635  -1.79598896
H    3.78304462  -1.99618189   0.24800794
H    2.61665464  -1.12216738   1.23236436
H    3.87579178  -0.29198162  -1.31689032
H    2.12752168  -0.11172622  -1.32579663
H    4.17915664   1.25415306   0.46202494
H    3.17276552   4.08080664  -0.45199575
H    2.05738255   4.20667049   0.91805478
H    3.65215368   3.48836696   1.14759563
H    0.77602034   3.34218951  -0.95625591
H    1.24424234   1.85908320  -1.77679398
H   -0.14716642   1.68214184   0.90439542
H   -2.40692596  -1.77775899  -1.57618396
H   -3.75047392  -0.52787342  -1.73728374
H    0.09087105  -0.05076463  -1.53425579

[Conformer 5]
44

C   -3.75751933  -2.13035241   1.40021237
C   -2.42260753  -1.44295325   1.39614889
O   -2.11045722  -0.51789027   2.09605093
O   -1.59600324  -1.99350170   0.49295768
C   -0.32046262  -1.36433280   0.33282907
C    0.61063667  -2.42272062  -0.18710329
C    1.86795175  -2.32051741  -0.60858295
C    2.60225030  -3.54621617  -1.06738876
C    2.67967468  -1.04992507  -0.69009791
C    2.76230081  -0.29664227   0.64168016
C    3.16781095   1.14820076   0.46489312
O    2.54121089   2.11828680   1.26854787
C    2.34363084   2.22524230  -0.11528483
C    3.08437291   3.36953399  -0.78946089
C    0.93196514   2.09232569  -0.68001044
C   -0.08848365   1.23638073   0.08816330
O   -1.30945515   1.97648397   0.15641850
C   -2.31148253   1.38654503  -0.49993591
O   -3.41448452   1.84898015  -0.59374876
C   -1.82451438   0.10866748  -1.08740624
C   -2.55045751  -0.64874933  -1.89572850
C   -0.42499274  -0.11331487  -0.59495983
H   -4.46879475  -1.48606933   0.88601350
H   -4.09796878  -2.26074036   2.42362135
H   -3.69511643  -3.08432421   0.88690508
H   -0.02056641  -1.03573101   1.33921127
H    0.14681524  -3.39952764  -0.18650375
H    1.97323787  -4.43036675  -1.02225671
H    2.94822581  -3.41460916  -2.09210440
H    3.47823716  -3.70945870  -0.44075401
H    2.25630918  -0.38833491  -1.44820425
H    3.69014468  -1.29533925  -1.02096603
H    1.80872621  -0.32576373   1.15584770
H    3.49169904  -0.78565425   1.29034982
H    4.24586156   1.28980271   0.37539433
H    2.53720365   4.29984345  -0.65665651
H    4.07190414   3.49119742  -0.35272861
H    3.18825214   3.17161122  -1.85407633
H    0.51637981   3.10406848  -0.69057120
H    1.00536506   1.76457718  -1.72027265
H    0.24020705   1.12672513   1.12664190
H   -2.17947662  -1.57041927  -2.31063135
H   -3.55251523  -0.34753500  -2.15110704
H    0.22888501  -0.28723325  -1.44972826

[Conformer 28]
44

C   -1.69189601  -4.23619161  -0.86601471
C   -1.94764351  -2.99757715  -0.04830587
O   -2.99117823  -2.73131846   0.48705893
O   -0.85993063  -2.22403270  -0.00853969
C   -0.92399580  -0.99442363   0.73961210
C    0.29468958  -0.87895876   1.61812869
C    1.56198668  -1.13851867   1.30580761
C    2.63551968  -1.05073992   2.34667233
C    2.00300849  -1.58773181  -0.05797588
C    3.26082994  -0.89094667  -0.60051012
C    3.34187598   0.62645097  -0.54826250
O    2.64250294   1.35246775   0.42631053
C    2.31423400   1.61559863  -0.91781767
C    2.75326491   2.97106194  -1.43237228
C    0.92244037   1.20272494  -1.38391806
C   -0.10717484   1.29321244  -0.25028107
O   -0.81084573   2.53072530  -0.35512710
C   -2.13249884   2.37956614  -0.17530408
O   -2.90241539   3.29889017  -0.16859246
C   -2.44446878   0.93411326  -0.01262674
C   -3.65544214   0.47794049   0.27229346
C   -1.16949201   0.17510104  -0.25456648
H   -2.11434392  -5.09738252  -0.35589118
H   -0.62723937  -4.36990788  -1.02726617
H   -2.19604124  -4.13169514  -1.82489071
H   -1.80272588  -1.06915215   1.39212517
H    0.06391150  -0.58027332   2.63139747
H    3.26773082  -1.93658406   2.31523342
H    3.25736724  -0.17754589   2.16156264
H    2.20736193  -0.95815309   3.34069974
H    1.17673638  -1.49674229  -0.75661772
H    2.24273765  -2.65487842   0.00592425
H    4.12534615  -1.26033261  -0.04357866
H    3.39960152  -1.18935200  -1.64393678
H    4.37378675   0.96305085  -0.67589168
H    3.69386619   3.26570446  -0.97379911
H    2.87772497   2.93907487  -2.51277953
H    1.99823886   3.71316094  -1.18275029
H    0.60866238   1.87805268  -2.18106711
H    0.94722494   0.19446364  -1.79200976
H    0.42417482   1.30409430   0.70983569
H   -3.87199270  -0.57236354   0.37927401
H   -4.46606328   1.17445457   0.40556178
H   -1.22164456  -0.26769494  -1.25760629

[Conformer 14]
44

C    1.20773316  -2.28854198  -2.99933748
C   -0.00715791  -1.84594104  -2.22960373
O   -1.12413208  -1.79133537  -2.67231996
O    0.30961114  -1.53492917  -0.96626825
C   -0.77177952  -1.18463267  -0.10079400
C   -0.48631639  -1.51368778   1.33413797
C    0.67298915  -1.65829579   1.96981284
C    0.68910859  -1.91467393   3.44806155
C    2.04292132  -1.58800987   1.34806917
C    2.61407332  -0.15498321   1.26187130
C    2.64506568   0.37553543  -0.15543148
O    3.10328476   1.68658413  -0.35858199
C    1.78629466   1.40206968  -0.77451441
C    1.61590149   1.37400316  -2.28301073
C    0.68717857   2.14637034  -0.02601504
C   -0.37588606   1.27483436   0.64329086
O   -1.34172297   2.13826863   1.24825039
C   -2.60184580   1.76120896   0.98429499
O   -3.56250911   2.31038365   1.44517281
C   -2.58278422   0.60135460   0.05199454
C   -3.67924906   0.01372958  -0.40357353
C   -1.14760065   0.31240054  -0.27997715
H    1.27074732  -3.37406967  -2.94446393
H    2.10730953  -1.86087973  -2.56952244
H    1.10385718  -2.00454663  -4.04251950
H   -1.64270653  -1.77043085  -0.42848688
H   -1.40187299  -1.56973237   1.91024611
H    1.08699946  -2.90851452   3.65103841
H    1.33908729  -1.19343449   3.94151345
H   -0.30547821  -1.84519351   3.87961294
H    2.02097116  -2.02052783   0.35055988
H    2.71428557  -2.19283824   1.95970384
H    2.07897050   0.52885431   1.91948887
H    3.65431504  -0.16667413   1.59856134
H    3.09154392  -0.34241677  -0.84677914
H    2.50313324   0.95320447  -2.75002439
H    0.75290246   0.78078875  -2.57375168
H    1.48685758   2.38774872  -2.65679670
H    1.15024958   2.75866010   0.75050167
H    0.18873322   2.82582371  -0.72112324
H    0.07448904   0.70581590   1.46238215
H   -3.64824459  -0.79914255  -1.10952143
H   -4.64507478   0.35990447  -0.07680681
H   -0.97489982   0.56469517  -1.33018030

[Conformer 29]
44

C   -3.48430538  -2.33617835   1.73011380
C   -2.20469516  -1.55107776   1.66264138
O   -1.82957053  -0.76067553   2.48958944
O   -1.51048000  -1.85982702   0.56408798
C   -0.25021523  -1.20628821   0.37287871
C    0.59597297  -2.09379220  -0.48901948
C    1.91300285  -2.26244120  -0.46196595
C    2.56037991  -3.15600216  -1.48177479
C    2.89473257  -1.71623251   0.54730487
C    2.78580419  -0.25241545   0.98518686
C    2.82795787   0.74473081  -0.15828251
O    3.25886722   2.04323391   0.16261088
C    1.92899321   1.91120747  -0.27567399
C    1.64108527   2.53661055  -1.62649757
C    0.86529802   2.16070800   0.78191143
C   -0.45737507   1.39618964   0.58983379
O   -1.41808114   2.29206791   0.02252573
C   -2.18584275   1.69553829  -0.89870438
O   -3.10562885   2.23682412  -1.44572522
C   -1.69213718   0.30888081  -1.12809362
C   -2.32144593  -0.55131756  -1.91388430
C   -0.42249352   0.16062452  -0.34059788
H   -3.29690824  -3.25983353   2.27496593
H   -3.82677738  -2.58068053   0.72965647
H   -4.23448828  -1.76369304   2.26736466
H    0.18919098  -1.05352893   1.36319652
H    0.02307621  -2.59866703  -1.25389292
H    3.25912353  -2.58267383  -2.09027592
H    3.12459693  -3.94447771  -0.98568363
H    1.82513901  -3.61359255  -2.13721269
H    3.89860352  -1.87039994   0.14553262
H    2.81562256  -2.33184222   1.44933122
H    1.89650662  -0.09567578   1.59000358
H    3.64669673  -0.03999857   1.62603011
H    3.26233368   0.35446283  -1.07849771
H    2.34419206   2.17865892  -2.37505948
H    0.62755093   2.32116527  -1.95418255
H    1.74993430   3.61650390  -1.54568880
H    1.28721050   1.93891341   1.76158701
H    0.61650740   3.22415652   0.77408681
H   -0.84795311   1.10646607   1.57442555
H   -1.96982163  -1.55310176  -2.08476327
H   -3.23264857  -0.24845372  -2.40243672
H    0.41982670   0.25255177  -1.03189545

[Conformer 8]
44

C   -3.56080405  -3.11726606   0.23136854
C   -2.53862517  -2.14726831   0.75804450
O   -2.61606516  -1.55797157   1.80155434
O   -1.50829680  -2.03073188  -0.09239844
C   -0.46530080  -1.11668839   0.25719451
C    0.82760307  -1.80851599  -0.06339781
C    2.00218900  -1.70743678   0.54976515
C    3.13997816  -2.60734682   0.16102585
C    2.30319026  -0.76211664   1.67851691
C    3.05564032   0.51661589   1.22374783
C    3.14057438   0.69871791  -0.27685505
O    3.47103568   1.97360171  -0.76276098
C    2.21835006   1.45367038  -1.14464280
C    2.14153811   1.02671531  -2.60033997
C    1.00794639   2.21304149  -0.61798062
C    0.01479772   1.39334546   0.21127799
O   -1.03914663   2.26093678   0.62528603
C   -2.23399778   1.88663451   0.14097172
O   -3.24412194   2.50178515   0.32895503
C   -2.06738453   0.64042977  -0.65525053
C   -3.05304192   0.09462540  -1.35259446
C   -0.63607341   0.21070387  -0.53558973
H   -3.81610746  -3.82813223   1.01282910
H   -3.17929413  -3.63402403  -0.64312672
H   -4.46223250  -2.56584850  -0.02735684
H   -0.56848151  -0.90457998   1.32918275
H    0.72020767  -2.51199620  -0.87848931
H    2.99635476  -3.02692024  -0.83070047
H    4.09050454  -2.08121252   0.19460578
H    3.19886753  -3.43178901   0.87245685
H    2.92387076  -1.28698794   2.40713791
H    1.37905127  -0.48739162   2.18657446
H    2.60584486   1.40449212   1.66722811
H    4.08669285   0.47425840   1.58322903
H    3.69360586  -0.09541886  -0.77721909
H    1.51403070   0.14592168  -2.71622587
H    1.74281874   1.83148607  -3.21323450
H    3.13919597   0.78828484  -2.96113220
H    1.36086103   3.03542883   0.00761679
H    0.47179429   2.65358459  -1.46158600
H    0.49931058   1.05447654   1.12777607
H   -2.91925789  -0.78914690  -1.95261834
H   -4.03204215   0.54322684  -1.32475827
H   -0.19989934   0.07190646  -1.52549795

[Conformer 16]
44

C   -3.82005145  -2.44742016   1.23847609
C   -2.50800203  -2.28952669   0.51534393
O   -2.22825176  -2.83133038  -0.52107053
O   -1.71565012  -1.46221260   1.20349096
C   -0.42061468  -1.05832461   0.74571579
C    0.45502377  -2.21448471   0.34862575
C    1.78407563  -2.21706222   0.31447752
C    2.53789063  -3.44285574  -0.10400855
C    2.64041605  -1.02582118   0.63855355
C    2.96714388  -0.21958315  -0.63196258
C    3.32918147   1.22351061  -0.33264133
O    2.75192505   1.85985804   0.78066129
C    2.38644885   2.34936910  -0.48193505
C    2.92908726   3.71588613  -0.84523555
C    0.94115338   2.12781708  -0.93643213
C    0.07005196   1.38856014   0.09620813
O   -1.05639809   2.19957303   0.43445472
C   -2.20285274   1.69528828  -0.04644724
O   -3.26660510   2.23439748   0.07683044
C   -1.90699025   0.41469860  -0.74389725
C   -2.74298208  -0.15151777  -1.60114241
C   -0.50216305   0.03171422  -0.37872380
H   -4.36150800  -1.50512799   1.18696075
H   -3.64083614  -2.67876086   2.28466679
H   -4.40467349  -3.23240148   0.76927132
H   -0.01093264  -0.58585381   1.64747411
H   -0.07705123  -3.10660230   0.05827986
H    3.18818465  -3.21453072  -0.94731347
H    3.16763991  -3.79066110   0.71423094
H    1.86294789  -4.24442283  -0.38945782
H    3.57237367  -1.35376734   1.10160231
H    2.13362742  -0.36930212   1.34492274
H    3.80454051  -0.67878116  -1.15799270
H    2.10799992  -0.24901854  -1.30212572
H    4.38659353   1.45518114  -0.44916470
H    3.95591288   3.81918818  -0.50409423
H    2.89590993   3.85188524  -1.92389659
H    2.33058535   4.49079837  -0.37148640
H    0.49018767   3.10983423  -1.09063707
H    0.93728343   1.61160268  -1.89896270
H    0.65249786   1.29736122   1.01847184
H   -2.50152852  -1.05146370  -2.14026423
H   -3.71510789   0.28511684  -1.76091992
H    0.02283067  -0.35231885  -1.25407011

[Conformer 23]
44

C   -0.96379707  -4.09926817  -1.35824095
C   -1.50571049  -2.96475057  -0.52887285
O   -2.66130517  -2.81709649  -0.23124309
O   -0.52338188  -2.13083037  -0.17595988
C   -0.86330001  -0.99064189   0.62340369
C    0.16832885  -0.73799241   1.68583722
C    1.46080820  -1.05068366   1.72140463
C    2.28728730  -0.67218254   2.91209454
C    2.21914895  -1.77928803   0.64191556
C    2.23287637  -1.03867156  -0.70156628
C    2.94697200   0.29241784  -0.63495428
O    2.59726224   1.21930014   0.36312206
C    2.30023736   1.57738228  -0.96016336
C    3.13406126   2.69663429  -1.54684210
C    0.82286323   1.63322404  -1.35741890
C   -0.14414032   1.41915467  -0.18022825
O   -0.93457015   2.60034518  -0.03063246
C   -2.24584543   2.34046243   0.06551875
O   -3.07473923   3.19335916   0.22184352
C   -2.46605952   0.87671884  -0.06131828
C   -3.66028723   0.30777690   0.02090957
C   -1.13031399   0.23370181  -0.30983698
H   -0.07406180  -4.50951398  -0.88913094
H   -0.68878580  -3.72205260  -2.34101872
H   -1.72421790  -4.86615243  -1.46646109
H   -1.81085574  -1.23062407   1.12526802
H   -0.25428966  -0.20916432   2.53075790
H    1.68320090  -0.21591921   3.69108727
H    2.78814762  -1.54872368   3.32125405
H    3.04887584   0.04092082   2.59991150
H    1.76549472  -2.75862069   0.48047295
H    3.24796706  -1.93051009   0.97276382
H    2.74904593  -1.65434179  -1.44146118
H    1.20786235  -0.90250297  -1.03170855
H    4.02337109   0.22746580  -0.79335758
H    3.09513463   2.65741359  -2.63326461
H    2.75040620   3.65804030  -1.21264226
H    4.16837389   2.60825071  -1.22412612
H    0.62077919   2.62971323  -1.75392620
H    0.63603550   0.91691714  -2.16060190
H    0.45063875   1.32270332   0.73658900
H   -3.80437311  -0.75503402  -0.08501482
H   -4.52816790   0.91994968   0.19941918
H   -1.11722139  -0.14994678  -1.33730589

[Conformer 13]
44

C   -3.85964515  -2.33566925   1.17097880
C   -2.56177903  -1.59576248   1.32757962
O   -2.33706078  -0.74290424   2.14508464
O   -1.65151847  -2.02502671   0.44378603
C   -0.37124814  -1.39879088   0.49338222
C    0.60152757  -2.27258290  -0.24505113
C    1.92413777  -2.17311209  -0.16626224
C    2.82108399  -3.03319508  -1.00264866
C    2.61461004  -1.25608442   0.80482536
C    3.53965493  -0.18983207   0.19951623
C    2.95837831   0.83955330  -0.75983322
O    3.27710529   2.17451258  -0.44443982
C    1.91208546   1.84607016  -0.47582426
C    1.16966986   2.48995129  -1.63532144
C    1.17347737   1.86269125   0.85206480
C   -0.21542167   1.20159622   0.82082454
O   -1.18129690   2.18322632   0.44404853
C   -2.04589286   1.72854630  -0.46990660
O   -2.97400534   2.36660193  -0.88146292
C   -1.64162575   0.35856254  -0.89196813
C   -2.31581807  -0.34853829  -1.78664813
C   -0.37906537   0.01577199  -0.15954422
H   -4.06439590  -2.50860181   0.11887715
H   -4.66081849  -1.76522465   1.63036467
H   -3.77658141  -3.29872078   1.67136180
H   -0.10253627  -1.29938765   1.55326986
H    0.13924089  -2.97582986  -0.92111113
H    3.37979695  -2.41841392  -1.70706294
H    3.54104037  -3.55580542  -0.37514336
H    2.24839592  -3.76489799  -1.56496915
H    3.24873557  -1.87845377   1.44478250
H    1.87977228  -0.77401793   1.44420292
H    3.98157832   0.36819895   1.02844406
H    4.35969732  -0.68557139  -0.32338681
H    3.09732577   0.59467772  -1.81342558
H    1.87240447   2.70141744  -2.43824568
H    0.37394500   1.86066434  -2.02589178
H    0.73250537   3.42990551  -1.30639792
H    1.79290977   1.39625953   1.61643726
H    1.01976195   2.90391439   1.14653927
H   -0.48479545   0.89167364   1.83928388
H   -2.00886009  -1.33143352  -2.09995297
H   -3.21154353   0.06361638  -2.22064354
H    0.45157885   0.01698376  -0.86876407

[Conformer 12]
44

C   -2.79374767  -2.09481361   2.58463728
C   -1.43163959  -1.79857900   2.01312560
O   -0.38445905  -2.06652738   2.53886314
O   -1.53940551  -1.19762445   0.82436690
C   -0.30913405  -0.87223072   0.16015150
C    0.31267991  -2.10146247  -0.43664000
C    1.60485167  -2.40557414  -0.37074320
C    2.15126543  -3.64711757  -1.00361495
C    2.61367648  -1.52359385   0.31737174
C    2.87922039  -0.21893529  -0.46885876
C    2.90706876   0.99122223   0.43818465
O    1.81876758   1.20537331   1.30415025
C    2.02898964   2.17072318   0.30499637
C    2.54228354   3.51037417   0.79350709
C    0.96555345   2.28170356  -0.78706064
C   -0.37703292   1.64230254  -0.40278102
O   -1.43181210   2.43486388  -0.94760237
C   -2.41471390   1.67997993  -1.46642569
O   -3.42876676   2.14009320  -1.91054227
C   -2.01871219   0.24647420  -1.41059085
C   -2.82282325  -0.73633505  -1.78515102
C   -0.60395531   0.20067650  -0.90996258
H   -3.54891556  -1.49573481   2.08584769
H   -2.78873038  -1.89964030   3.65325016
H   -3.01229966  -3.15011505   2.43280307
H    0.36762752  -0.44853421   0.91015933
H   -0.37854816  -2.76283283  -0.94058900
H    1.37496312  -4.20806185  -1.51682654
H    2.93253147  -3.39008479  -1.71834744
H    2.59573447  -4.28495369  -0.24065124
H    3.54633271  -2.07135479   0.44940277
H    2.23884092  -1.26847478   1.31036753
H    3.83842281  -0.27443005  -0.98571760
H    2.10469120  -0.09930980  -1.22391648
H    3.87001153   1.15583190   0.92070110
H    3.24288377   3.37100362   1.61287438
H    3.04249964   4.03360028  -0.01836526
H    1.71360289   4.11834838   1.14964619
H    0.76559653   3.34093258  -0.95618499
H    1.33038634   1.86586658  -1.72871833
H   -0.48173134   1.67495784   0.68991546
H   -2.53174302  -1.77096241  -1.74947429
H   -3.81646579  -0.50584326  -2.13104141
H    0.04934738   0.00739825  -1.76936090

[Conformer 2]
44

C   -1.42315997  -4.42672873  -0.41875527
C   -1.59455549  -3.20111353   0.44084956
O   -2.15405912  -3.17482671   1.50334392
O   -1.03600034  -2.13436292  -0.14077226
C   -1.07425072  -0.88813375   0.58456192
C    0.08257854  -0.79219598   1.54744661
C    1.35889869  -1.09077533   1.31845120
C    2.36397075  -1.04388710   2.42800698
C    1.87357749  -1.54296139  -0.01899309
C    3.18161359  -0.87382998  -0.47063451
C    3.29776048   0.63978911  -0.38360183
O    2.53015455   1.37140387   0.53368304
C    2.33071869   1.65780266  -0.83032789
C    2.84464598   3.00790184  -1.28608721
C    0.97945644   1.27902304  -1.42664274
C   -0.14914795   1.36208003  -0.38886161
O   -0.85497832   2.59029014  -0.56687243
C   -2.18477527   2.42246115  -0.56379984
O   -2.96303169   3.32926871  -0.66129603
C   -2.49581011   0.97190974  -0.43716497
C   -3.72869146   0.50203285  -0.32047558
C   -1.19186369   0.22900722  -0.48226510
H   -1.27587246  -4.14525480  -1.45651182
H   -2.29107841  -5.07061158  -0.31168639
H   -0.54753044  -4.97087420  -0.06990368
H   -1.99276348  -0.90136860   1.18496218
H   -0.20948515  -0.49873814   2.54560030
H    1.87253141  -0.95356648   3.39243205
H    2.97377748  -1.94593450   2.42558957
H    3.01892657  -0.18512485   2.29750835
H    1.09713017  -1.42335014  -0.76944418
H    2.08205753  -2.61674677   0.04878915
H    3.99876484  -1.27685778   0.13232708
H    3.37749977  -1.15854298  -1.50874148
H    4.34457665   0.95175387  -0.41276272
H    3.74710798   3.27461979  -0.74183400
H    3.06445289   2.98456828  -2.35139676
H    2.08812038   3.76574966  -1.09528880
H    0.74859691   1.97707764  -2.23249431
H    1.02816410   0.28039714  -1.85631847
H    0.29425389   1.38667426   0.61455167
H   -3.94485362  -0.54967034  -0.23379355
H   -4.56097680   1.18505049  -0.30841203
H   -1.11038689  -0.26518496  -1.45784072

[Conformer 10]
44

C   -0.96206620  -4.13510776  -1.29532152
C   -1.50753909  -2.97260050  -0.50850945
O   -2.66236986  -2.82609774  -0.20652129
O   -0.52874389  -2.12571923  -0.17883896
C   -0.86535113  -0.98286977   0.61846788
C    0.16608637  -0.73292868   1.68182445
C    1.45736746  -1.05036360   1.71809486
C    2.28433008  -0.67616432   2.90980139
C    2.21387075  -1.78018996   0.63807865
C    2.23095884  -1.03632332  -0.70370883
C    2.94791363   0.29304053  -0.63256280
O    2.59757687   1.21871518   0.36637312
C    2.30524750   1.58021902  -0.95704040
C    3.14378031   2.69845111  -1.53901702
C    0.82923918   1.64106065  -1.35846226
C   -0.14243426   1.42590400  -0.18520481
O   -0.93507181   2.60611192  -0.03941009
C   -2.24685399   2.34510840   0.04649222
O   -3.07765065   3.19735881   0.19627185
C   -2.46467445   0.88112713  -0.08127596
C   -3.65867477   0.31067722  -0.00625819
C   -1.12650770   0.23920518  -0.31908596
H   -0.01792833  -3.86934297  -1.76028308
H   -1.68856927  -4.44354197  -2.04151174
H   -0.80096554  -4.96700743  -0.61201802
H   -1.81443374  -1.21832984   1.11954636
H   -0.25545008  -0.20365467   2.52698030
H    1.68119848  -0.21916176   3.68912018
H    2.78215351  -1.55494163   3.31786658
H    3.04840090   0.03496047   2.59921400
H    1.75738176  -2.75802299   0.47500454
H    3.24207822  -1.93485660   0.96925987
H    2.74738687  -1.65076428  -1.44463109
H    1.20683336  -0.89628919  -1.03519295
H    4.02459336   0.22569594  -0.78804308
H    3.10733326   2.66191186  -2.62561045
H    2.76208216   3.66016721  -1.20346210
H    4.17706335   2.60633274  -1.21401814
H    0.63105615   2.63948832  -1.75207837
H    0.64290628   0.92817716  -2.16480143
H    0.44869232   1.33051581   0.73406833
H   -3.80061424  -0.75254870  -0.11098530
H   -4.52869755   0.92188248   0.16492881
H   -1.10573190  -0.14704939  -1.34542635

[Conformer 21]
44

C   -3.13622586  -1.87424453   2.21762100
C   -1.92200682  -1.11256104   1.75883988
O   -1.55753883  -0.05808938   2.20660341
O   -1.30236771  -1.76132440   0.76994965
C   -0.14493318  -1.15501592   0.17919521
C    0.56857689  -2.24837837  -0.56002390
C    1.88313190  -2.43672867  -0.60868417
C    2.48284311  -3.54956953  -1.41181908
C    2.86733496  -1.53925179   0.09178894
C    3.03890812  -0.19101044  -0.64339628
C    3.06379416   0.96252968   0.33488176
O    2.03988820   1.02144774   1.29715609
C    2.08668092   2.06816279   0.36126531
C    2.52799096   3.40941204   0.91102634
C    0.93677180   2.16154251  -0.63898595
C   -0.32815442   1.41830128  -0.18689308
O   -1.46387312   2.19139236  -0.58299325
C   -2.44457467   1.43305151  -1.08503961
O   -3.51733771   1.86360781  -1.40732575
C   -1.97387851   0.02458569  -1.19527261
C   -2.75240927  -0.96382032  -1.60898369
C   -0.53150223   0.00475025  -0.78270698
H   -3.02502730  -2.93109506   1.99742639
H   -4.00157775  -1.48809696   1.68140798
H   -3.28946740  -1.71221881   3.28040475
H    0.47453933  -0.73749190   0.98108419
H   -0.09279612  -2.91830938  -1.09065850
H    3.04539488  -4.21773003  -0.76083293
H    1.71916312  -4.12616064  -1.92613738
H    3.17593106  -3.14530212  -2.14884544
H    3.83075280  -2.04222176   0.17327735
H    2.51266756  -1.33247225   1.10270911
H    3.96718148  -0.17946536  -1.21560399
H    2.21514658  -0.06654560  -1.34405345
H    4.05031857   1.17232461   0.74721165
H    2.91257022   4.03242524   0.10653057
H    1.68346554   3.91168746   1.37719996
H    3.30388152   3.27493069   1.66048786
H    0.65780234   3.21208855  -0.73270125
H    1.25141790   1.82026344  -1.62796098
H   -0.34287295   1.36952604   0.90936103
H   -2.40968078  -1.98024596  -1.69246079
H   -3.77723264  -0.75603455  -1.86835747
H    0.07721214  -0.10199498  -1.68883606

[Conformer 26]
44

C   -1.91895742  -4.07663294  -0.57183903
C   -1.71553829  -3.01261869   0.47449850
O   -1.98976088  -3.11748235   1.63822872
O   -1.18723099  -1.90861546  -0.07099504
C   -0.93341474  -0.80995048   0.82336183
C    0.22561229  -1.11126069   1.73600827
C    1.44142467  -1.51467346   1.37985604
C    2.44475915  -1.88414171   2.43300923
C    1.92217973  -1.70219640  -0.03469921
C    3.00875989  -0.68057857  -0.43333621
C    2.56740419   0.43355035  -1.36324011
O    3.23375776   1.66003026  -1.18945583
C    1.84396862   1.66163283  -0.97671483
C    1.06147977   2.41686267  -2.03635375
C    1.38722407   1.88240538   0.45591910
C   -0.10415353   1.62274700   0.69886779
O   -0.86065420   2.77243759   0.32499187
C   -1.94520612   2.46025783  -0.40183719
O   -2.73913747   3.27312101  -0.78192579
C   -1.96674607   0.99087640  -0.64506785
C   -2.95711545   0.37709943  -1.27503896
C   -0.70576268   0.42260560  -0.06338555
H   -2.62701269  -3.72335643  -1.31766685
H   -2.29915192  -4.97845276  -0.10286962
H   -0.97476353  -4.28207642  -1.06949139
H   -1.83250647  -0.66923355   1.43706700
H   -0.00864292  -1.04008911   2.78833242
H    2.12241870  -1.55687899   3.41726820
H    2.56068065  -2.96778139   2.45510446
H    3.42217177  -1.45670675   2.22093763
H    1.09368276  -1.66443542  -0.73929579
H    2.35583745  -2.70355970  -0.09668680
H    3.44177024  -0.21962596   0.45472335
H    3.82203057  -1.20020327  -0.94466596
H    2.46817783   0.12754539  -2.40548832
H    0.86923595   3.43212696  -1.69796463
H    1.64884368   2.46438526  -2.95060553
H    0.10879936   1.94141554  -2.25901083
H    1.96325301   1.24612516   1.12620233
H    1.58535059   2.92290195   0.72422751
H   -0.25289029   1.49326277   1.77968285
H   -2.95550192  -0.68474541  -1.44912106
H   -3.79984379   0.94734703  -1.62811393
H   -0.03655338   0.11596638  -0.86941095

[Conformer 11]
44

C   -3.88069683  -2.27841829   1.12471603
C   -2.56038299  -1.59151182   1.32500733
O   -2.32822991  -0.75259723   2.15505365
O   -1.64903420  -2.02759683   0.44570045
C   -0.36742672  -1.40404616   0.49622133
C    0.60485736  -2.27764776  -0.24291518
C    1.92744287  -2.17522577  -0.16691376
C    2.82467151  -3.03484066  -1.00346327
C    2.61762291  -1.25525569   0.80171518
C    3.54029456  -0.18836145   0.19380695
C    2.95585586   0.84048814  -0.76421686
O    3.27460874   2.17581262  -0.45030777
C    1.90978563   1.84647644  -0.47733245
C    1.16303317   2.48928992  -1.63461593
C    1.17514711   1.86260351   0.85275891
C   -0.21142644   1.19625917   0.82661483
O   -1.18325740   2.17454354   0.45581806
C   -2.04779543   1.71900773  -0.45730351
O   -2.98265912   2.35203300  -0.86178771
C   -1.63680396   0.35359016  -0.88744404
C   -2.30691534  -0.35129494  -1.78703627
C   -0.37414655   0.01131178  -0.15498231
H   -4.50950289  -1.63257501   0.51397836
H   -4.36846855  -2.42147927   2.08449234
H   -3.74069661  -3.22573752   0.61419800
H   -0.09930713  -1.30692878   1.55647966
H    0.14261992  -2.98294914  -0.91684265
H    3.54677146  -3.55493688  -0.37634917
H    2.25250824  -3.76867403  -1.56354815
H    3.38092110  -2.42011239  -1.70988965
H    3.25362452  -1.87567076   1.44171247
H    1.88283862  -0.77352934   1.44141445
H    3.98380390   0.37014505   1.02155976
H    4.35946235  -0.68347405  -0.33105384
H    3.09177698   0.59532646  -1.81813997
H    0.72780338   3.42996852  -1.30517236
H    1.86243764   2.69928833  -2.44081029
H    0.36533864   1.85988190  -2.02091970
H    1.79855714   1.39926064   1.61579039
H    1.01872087   2.90364135   1.14643461
H   -0.47519426   0.88402561   1.84579849
H   -1.99723224  -1.33190502  -2.10419944
H   -3.20291152   0.06022850  -2.22123202
H    0.45669371   0.01322755  -0.86383995

[Conformer 9]
44

C   -2.22674923  -3.77186726  -0.88266262
C   -1.41492877  -2.51933797  -0.66269291
O   -0.72071118  -2.01178982  -1.50657405
O   -1.58972784  -2.08232871   0.57963596
C   -0.92653700  -0.94410343   1.16820313
C    0.35021746  -1.36774723   1.85886301
C    1.54467330  -1.69583153   1.37035267
C    2.61195230  -2.15452519   2.32540099
C    1.98465872  -1.72846778  -0.06685160
C    3.01344673  -0.63127033  -0.41154917
C    2.47251562   0.48534553  -1.28137943
O    3.06997742   1.74580105  -1.10354294
C    1.69797599   1.64692069  -0.80562440
C    0.79538732   2.38052461  -1.78031935
C    1.33570621   1.78884815   0.66303977
C   -0.11812499   1.45251248   1.01194372
O   -0.93662894   2.59678860   0.78366162
C   -2.05935991   2.29895637   0.11515000
O   -2.90677915   3.10692924  -0.14114712
C   -2.05615124   0.85145970  -0.23939598
C   -3.07543493   0.30162376  -0.88352592
C   -0.75619694   0.27108799   0.24090754
H   -2.51366513  -3.84255087  -1.92774459
H   -3.09959141  -3.77723905  -0.23769447
H   -1.60420672  -4.62983507  -0.63586301
H   -1.64333766  -0.66228452   1.95166375
H    0.22699301  -1.44760957   2.93160446
H    3.56617834  -1.68341716   2.10134011
H    2.34791820  -1.94049245   3.35731548
H    2.74950413  -3.23104543   2.22345796
H    1.14563945  -1.66441347  -0.75341784
H    2.45457062  -2.70193194  -0.22865204
H    3.43074549  -0.18920083   0.49373777
H    3.84792377  -1.07453518  -0.95875251
H    2.32639353   0.20241693  -2.32346249
H   -0.12084094   1.82857138  -1.97826731
H    0.53426376   3.35787568  -1.38125653
H    1.32418296   2.52176503  -2.72019361
H    1.99057095   1.15947893   1.26359511
H    1.50514620   2.82715514   0.95936595
H   -0.16176460   1.25894695   2.09342657
H   -3.10861350  -0.73082538  -1.18061067
H   -3.92061898   0.91917783  -1.14077540
H   -0.13645212  -0.01085888  -0.60948787

[Conformer 30]
44

C   -3.52429508  -2.28194473   1.65821479
C   -2.21536405  -1.54481920   1.63692350
O   -1.84806685  -0.75455872   2.46738363
O   -1.49925933  -1.87267628   0.55774945
C   -0.24181667  -1.21190233   0.37413136
C    0.61094216  -2.09217402  -0.48847234
C    1.92787776  -2.25942013  -0.45151505
C    2.58650571  -3.14433863  -1.47135576
C    2.89683825  -1.71480401   0.57071014
C    2.78866265  -0.24588886   0.99211977
C    2.83317304   0.73736671  -0.16317585
O    3.26715279   2.03873160   0.14096611
C    1.93582896   1.90377573  -0.29212700
C    1.64459605   2.51480360  -1.64892495
C    0.87611699   2.16704124   0.76621600
C   -0.44410895   1.39173973   0.59756079
O   -1.42192928   2.28213907   0.05089099
C   -2.19872377   1.68518039  -0.86183733
O   -3.13414548   2.22042255  -1.38830812
C   -1.69544701   0.30553181  -1.11052417
C   -2.32417288  -0.55133758  -1.90060205
C   -0.41822248   0.15742861  -0.33538599
H   -4.26024171  -1.68271409   1.12429062
H   -3.85796874  -2.40879360   2.68366862
H   -3.42525605  -3.24060027   1.15898664
H    0.19351452  -1.06173665   1.36669405
H    0.04421538  -2.59163544  -1.26145104
H    3.14363958  -3.93798048  -0.97546186
H    1.85872581  -3.59515288  -2.13968904
H    3.29344355  -2.56661272  -2.06605304
H    3.90614128  -1.87935610   0.18735545
H    2.79760270  -2.32141774   1.47667301
H    1.89703698  -0.08184419   1.59170446
H    3.64739785  -0.02626538   1.63330077
H    3.26462411   0.33516509  -1.07952875
H    0.62431083   2.31130691  -1.96311112
H    1.77164136   3.59382716  -1.58423895
H    2.33398676   2.13539683  -2.39967858
H    1.30566821   1.96667689   1.74721614
H    0.62144630   3.22880315   0.73968970
H   -0.81513926   1.09785587   1.58838254
H   -1.96605949  -1.54829042  -2.08520593
H   -3.24166613  -0.25071272  -2.37871905
H    0.41773260   0.24900831  -1.03413586

[Conformer 19]
44

C   -3.80514613  -2.20563121   1.59927806
C   -2.44790676  -1.56360050   1.65999757
O   -2.08399896  -0.78672430   2.50437382
O   -1.68588545  -1.96138097   0.63783344
C   -0.37027855  -1.41152958   0.52545162
C    0.48609438  -2.43933053  -0.15868361
C    1.80459926  -2.37226020  -0.30688788
C    2.57123124  -3.46290967  -0.98915649
C    2.63050953  -1.19793028   0.14669652
C    2.91195644  -0.25236461  -1.03911510
C    2.79468698   1.25132261  -0.84417263
O    3.32519709   1.89563786   0.28167304
C    1.95361846   2.11506775   0.01291412
C    1.62040870   3.49424549  -0.52998828
C    0.99908692   1.68597078   1.11946429
C   -0.38162292   1.16954653   0.71141088
O   -1.13295394   2.18022031   0.03674408
C   -1.89773940   1.65739378  -0.93567986
O   -2.68582468   2.30091331  -1.57014988
C   -1.57863516   0.20987676  -1.09198067
C   -2.25304159  -0.60589435  -1.88746108
C   -0.38542625  -0.05619398  -0.22376947
H   -4.45759726  -1.56658137   1.00622882
H   -4.21693935  -2.28862092   2.60055948
H   -3.74174242  -3.17865834   1.12250751
H   -0.00175098  -1.23051702   1.54663259
H   -0.06203970  -3.29422316  -0.52603248
H    3.27792451  -3.91133176  -0.29182521
H    1.90963968  -4.23986637  -1.36128799
H    3.14344115  -3.05788130  -1.82233288
H    3.57938571  -1.55606450   0.54786640
H    2.11998532  -0.67146037   0.94570509
H    3.93584797  -0.42086053  -1.38352169
H    2.25984881  -0.51014606  -1.88020986
H    3.08902343   1.73924299  -1.78013903
H    1.64773549   4.22272262   0.27743587
H    2.33942005   3.79777321  -1.28660877
H    0.62287399   3.49438852  -0.96065775
H    1.47584625   0.93598464   1.75040933
H    0.83758300   2.56681275   1.74625381
H   -0.92834581   0.93187567   1.63544691
H   -2.00205787  -1.64696454  -1.99122282
H   -3.09019394  -0.22892492  -2.45076874
H    0.49916921  -0.00938877  -0.85964303

[Conformer 3]
44

C    0.73624820  -3.67080938  -2.06565440
C   -0.30721691  -3.18320951  -1.09604421
O   -1.06777143  -3.87805940  -0.48111762
O   -0.27595798  -1.84516383  -1.00365554
C   -1.19390350  -1.24255484  -0.07385728
C   -0.74134283  -1.36533914   1.35697076
C    0.49490965  -1.33262246   1.84682555
C    0.73592520  -1.56472050   3.30874383
C    1.73945331  -1.04988822   1.04773140
C    2.35297404   0.30843794   1.45517927
C    2.90503994   1.12044027   0.29820241
O    2.44324174   2.44111777   0.13762419
C    2.20727333   1.56398192  -0.92639852
C    3.07099694   1.79576550  -2.15753520
C    0.78165233   1.20859796  -1.33578056
C   -0.29836487   1.18929575  -0.25871330
O   -0.92794411   2.46791734  -0.15098150
C   -2.23482271   2.34317469   0.12244277
O   -2.95460822   3.26955297   0.36492439
C   -2.61654441   0.89855681   0.04810034
C   -3.79194374   0.43886580   0.44496724
C   -1.43751716   0.19460494  -0.55682886
H    1.70535638  -3.65368507  -1.57071332
H    0.77949980  -3.01767706  -2.93232000
H    0.50778194  -4.68886088  -2.36465067
H   -2.13833199  -1.79640307  -0.16552498
H   -1.56077831  -1.54137576   2.03986139
H   -0.19786684  -1.69658483   3.84755039
H    1.34219384  -2.46012149   3.44204567
H    1.27972646  -0.73039241   3.74742319
H    1.51478256  -1.04292310  -0.01456027
H    2.46760592  -1.84336524   1.23036302
H    1.61166664   0.92334667   1.96931868
H    3.16722044   0.14728306   2.16373278
H    3.98736713   1.03016684   0.19246755
H    2.64782205   2.59202372  -2.76544600
H    4.07561446   2.09017552  -1.86619045
H    3.12476314   0.88743800  -2.75386194
H    0.46907655   1.93863044  -2.08728464
H    0.81405011   0.22733404  -1.81440779
H    0.12002100   0.96522407   0.72303776
H   -4.06633779  -0.60049273   0.38481877
H   -4.51975585   1.12243857   0.84838543
H   -1.58752217   0.14508559  -1.64413640

[Conformer 17]
44

C   -2.35940842  -3.52470470  -1.28411328
C   -1.38240544  -2.44881217  -0.88312205
O   -0.43622293  -2.11311604  -1.54913834
O   -1.72942860  -1.93963326   0.29400778
C   -0.96470564  -0.92724988   0.98291129
C    0.14863744  -1.55418590   1.78975898
C    1.40995817  -1.84891827   1.48390587
C    2.29096944  -2.48890722   2.51678045
C    2.11115860  -1.58128515   0.18402651
C    2.88566569  -0.24524053   0.21901228
C    2.60685608   0.57785860  -1.01695834
O    3.11658968   1.88289600  -1.08740081
C    1.71395829   1.74887685  -1.05898642
C    1.00611635   2.09534459  -2.35369828
C    1.04280658   2.29856215   0.19444903
C    0.04625778   1.37836788   0.93497748
O   -1.04988453   2.17957363   1.38358871
C   -2.12396106   2.03016119   0.58514933
O   -3.11975633   2.68780121   0.68914192
C   -1.85042354   0.93252813  -0.38665476
C   -2.62199257   0.65461294  -1.42618780
C   -0.58804797   0.26853056   0.07885954
H   -3.36372038  -3.25326913  -0.97373912
H   -2.08072896  -4.44867518  -0.78116900
H   -2.31345593  -3.67983748  -2.35775025
H   -1.70433388  -0.55563893   1.70647089
H   -0.19054650  -1.83354209   2.77989572
H    1.79507756  -2.56995480   3.48002793
H    2.57932909  -3.48727342   2.18970895
H    3.20269938  -1.90592088   2.63636516
H    1.40188490  -1.58586237  -0.63987145
H    2.81281000  -2.39660928   0.00088053
H    2.62437901   0.32699820   1.10853643
H    3.96043083  -0.43451696   0.25945540
H    2.72009463   0.01390745  -1.94333965
H   -0.02097403   1.73912216  -2.33685930
H    0.99894458   3.17523337  -2.48878012
H    1.52380780   1.64978691  -3.19935037
H    1.82280312   2.61097516   0.89017900
H    0.49722552   3.20023046  -0.09411246
H    0.50737712   0.96307110   1.83579635
H   -2.38904648  -0.13478608  -2.12100073
H   -3.51392039   1.23184440  -1.60372400
H    0.04702770  -0.05147466  -0.73930787

[Conformer 4]
44

C   -3.61263116  -2.07113518   1.92580353
C   -2.22674829  -1.49089305   1.88948782
O   -1.72545090  -0.83306982   2.76443047
O   -1.61636311  -1.79079886   0.74051953
C   -0.28549915  -1.29714954   0.52444144
C    0.48083691  -2.41050454  -0.13457263
C    1.66860779  -2.42282475  -0.73192379
C    2.20669433  -3.72126345  -1.26252785
C    2.57531474  -1.24759455  -1.01182446
C    2.87103017  -0.31235140   0.17721481
C    2.85640595   1.13851735  -0.26465862
O    3.17291676   2.14479465   0.65892043
C    1.86634457   2.16153964   0.12743075
C    1.56111128   3.28537673  -0.84059070
C    0.77558205   1.89160460   1.15269847
C   -0.52001579   1.26610029   0.63354575
O   -1.27542461   2.19606566  -0.14459768
C   -1.90078330   1.58784559  -1.16773590
O   -2.66855253   2.15083282  -1.89641210
C   -1.46283438   0.16457642  -1.23878986
C   -2.00188076  -0.73684479  -2.04441932
C   -0.33471830   0.02447327  -0.26117978
H   -3.65540476  -2.98378164   1.33989627
H   -4.29836883  -1.34557568   1.49111203
H   -3.90666246  -2.25401755   2.95494643
H    0.13969854  -1.09175437   1.52049928
H   -0.04416071  -3.35246637  -0.04340771
H    3.14255560  -3.96677299  -0.76195349
H    1.50794362  -4.53854453  -1.11025748
H    2.41381985  -3.63305124  -2.32838551
H    2.13841646  -0.67272602  -1.83553255
H    3.52168394  -1.63597143  -1.39100547
H    2.16319860  -0.47402889   0.98615994
H    3.86402706  -0.53137638   0.57527219
H    3.33813266   1.28487695  -1.23385716
H    1.29771396   4.18623991  -0.29155681
H    2.43082735   3.49920296  -1.45718119
H    0.72466482   3.01848869  -1.48173191
H    1.17650151   1.24768233   1.93671001
H    0.51687981   2.84485252   1.61859510
H   -1.13284323   1.01535177   1.51038152
H   -1.65978499  -1.75691926  -2.06965324
H   -2.81404027  -0.45759466  -2.69407080
H    0.59743332   0.13731941  -0.81273635